9.311135,0.451075,1.000000
-3.559928,6.301450,1.000000
1.364272,9.981657,1.000000
3.672512,8.335516,1.000000
6.649398,11.072473,1.000000
9.771472,1.292399,1.000000
3.776763,9.238386,1.000000
-9.411093,6.302117,1.000000
-10.253271,3.152458,1.000000
-4.159006,9.936958,1.000000
0.665781,7.426884,1.000000
-0.931176,8.952628,1.000000
7.769615,6.171726,1.000000
8.850688,2.170671,1.000000
-9.256711,6.785854,1.000000
6.020598,7.352223,1.000000
-0.969099,7.427983,1.000000
-7.175243,5.130672,1.000000
10.973505,5.373189,1.000000
-9.044700,1.651251,1.000000
-10.469398,3.711659,1.000000
5.444892,4.587149,1.000000
-10.771836,6.616200,1.000000
9.083792,6.995590,1.000000
7.618096,5.722103,1.000000
-4.040077,9.056877,1.000000
-4.673874,10.232279,1.000000
-9.016510,0.252648,1.000000
1.224129,12.069484,1.000000
-9.536782,3.893641,1.000000
5.803753,10.065870,1.000000
3.347725,8.461574,1.000000
-6.751294,4.575724,1.000000
-8.566913,4.097482,1.000000
2.174478,8.326265,1.000000
-6.136452,4.310809,1.000000
10.212398,0.257342,1.000000
-10.634552,4.320207,1.000000
-11.319581,0.455468,1.000000
-2.631705,11.080828,1.000000
-3.293099,8.923095,1.000000
10.179608,3.304855,1.000000
-2.811957,9.769046,1.000000
-6.195272,5.798561,1.000000
10.778463,0.944486,1.000000
-9.095428,5.903364,1.000000
7.207878,6.002989,1.000000
10.795502,2.122586,1.000000
11.756527,2.660237,1.000000
-4.691429,11.293419,1.000000
10.246669,4.545901,1.000000
12.527981,2.383870,1.000000
-2.892322,9.317004,1.000000
2.834473,9.913444,1.000000
-10.187183,5.801646,1.000000
-6.819598,4.469537,1.000000
9.472736,4.405742,1.000000
-4.286104,8.054953,1.000000
2.506463,8.060191,1.000000
3.863137,7.436819,1.000000
10.469737,2.279983,1.000000
-1.000748,10.356761,1.000000
10.752749,3.655742,1.000000
7.701355,7.384354,1.000000
11.609368,1.188707,1.000000
0.030204,7.178383,1.000000
6.905926,5.010115,1.000000
10.915703,4.883523,1.000000
12.536009,3.172472,1.000000
8.035689,4.344098,1.000000
-11.706459,2.916450,1.000000
11.233882,4.219123,1.000000
-3.756865,11.375062,1.000000
5.439359,11.120264,1.000000
6.109485,5.030778,1.000000
-9.190322,4.292125,1.000000
10.985471,0.405604,1.000000
4.765218,8.895736,1.000000
5.843133,9.468836,1.000000
-4.631059,6.101525,1.000000
-8.057905,9.053064,1.000000
2.138509,7.869185,1.000000
4.959901,7.000495,1.000000
2.657431,9.205732,1.000000
5.776986,4.734335,1.000000
-6.383541,3.047779,1.000000
-9.226349,3.449584,1.000000
-2.500727,6.617023,1.000000
8.381681,6.346857,1.000000
-11.686049,2.756008,1.000000
-9.890060,1.961117,1.000000
7.669812,1.781207,1.000000
-6.035640,10.765227,1.000000
-7.663200,0.331640,1.000000
11.873232,2.813767,1.000000
-7.729357,1.745540,1.000000
7.561973,9.713372,1.000000
-3.078321,7.312130,1.000000
0.499862,8.659713,1.000000
0.562724,8.321474,1.000000
-6.420043,8.600769,1.000000
-8.531122,3.132492,1.000000
8.615670,4.626687,1.000000
5.418782,7.378810,1.000000
2.106441,11.794500,1.000000
1.083035,11.216733,1.000000
5.497072,5.633726,1.000000
6.891023,2.551828,1.000000
-0.856112,12.788506,1.000000
8.242087,1.837735,1.000000
9.813685,7.118354,1.000000
-10.486181,1.282986,1.000000
1.011892,10.019305,1.000000
11.126602,3.091613,1.000000
-0.955689,9.788225,1.000000
7.140878,7.832047,1.000000
-4.424849,6.115116,1.000000
9.003681,5.029168,1.000000
4.452849,9.320307,1.000000
10.847750,5.309367,1.000000
7.588811,7.037850,1.000000
4.888838,7.880573,1.000000
2.920550,9.309926,1.000000
-4.268658,6.188984,1.000000
-6.548296,10.254436,1.000000
7.383340,1.339098,1.000000
-6.948215,8.015262,1.000000
-7.236286,1.491055,1.000000
7.829877,3.163545,1.000000
1.760007,7.250295,1.000000
8.309584,5.712955,1.000000
-4.872921,5.973043,1.000000
12.528350,1.071313,1.000000
0.545238,12.125459,1.000000
-5.219218,6.859855,1.000000
-2.859706,12.452903,1.000000
-4.773907,9.599901,1.000000
-5.581555,4.585680,1.000000
4.542759,6.251573,1.000000
-0.044344,9.193774,1.000000
3.652019,9.362867,1.000000
-2.188546,7.173101,1.000000
-7.137083,0.883111,1.000000
-4.516946,8.226497,1.000000
7.739496,0.378788,1.000000
5.465884,11.544782,1.000000
-8.481022,5.009366,1.000000
-7.018135,1.980945,1.000000
0.422365,10.649496,1.000000
-9.145612,9.017911,1.000000
-4.566958,9.430843,1.000000
-6.677007,2.413169,1.000000
-7.050284,3.152791,1.000000
0.327939,9.958433,1.000000
-5.039297,8.384806,1.000000
11.262301,2.599637,1.000000
0.496026,9.223131,1.000000
-1.241954,9.409718,1.000000
5.586257,4.310128,1.000000
2.938447,6.771517,1.000000
1.975560,8.565408,1.000000
-8.435332,1.521738,1.000000
-1.409728,10.642965,1.000000
5.676717,4.518669,1.000000
0.351137,8.128578,1.000000
-1.495661,6.877810,1.000000
-10.315799,4.849351,1.000000
8.555101,0.987909,1.000000
-2.459826,10.263001,1.000000
6.691169,7.088387,1.000000
1.001082,12.324005,1.000000
-6.471768,3.633530,1.000000
-10.699144,7.173667,1.000000
-5.454593,5.703606,1.000000
9.185467,1.473743,1.000000
-9.885312,7.517037,1.000000
-0.051713,10.724338,1.000000
8.352838,9.016411,1.000000
7.165831,2.996315,1.000000
-11.363181,5.480070,1.000000
-7.677605,3.549564,1.000000
-8.592436,1.588325,1.000000
7.588841,1.905669,1.000000
8.595568,0.525963,1.000000
-1.595657,10.037027,1.000000
5.640810,4.531608,1.000000
7.023327,6.552392,1.000000
-7.536073,4.999029,1.000000
6.636458,3.565917,1.000000
8.872080,5.092812,1.000000
3.886979,9.133914,1.000000
-6.980503,2.094691,1.000000
-2.766288,7.700597,1.000000
-5.439069,4.488170,1.000000
4.631965,5.647230,1.000000
-0.179483,7.012569,1.000000
-11.018529,5.977641,1.000000
-3.770102,11.129734,1.000000
6.527716,8.482602,1.000000
-10.384269,0.002390,1.000000
7.047368,8.959566,1.000000
3.819965,6.504365,1.000000
-5.293725,5.084228,1.000000
8.729048,1.639979,1.000000
4.650161,8.703630,1.000000
9.102787,3.879888,1.000000
-11.500235,1.837531,1.000000
-8.856774,7.071396,1.000000
-11.440235,1.848255,1.000000
-10.995120,2.229558,1.000000
-4.116683,8.032347,1.000000
-5.090171,8.730443,1.000000
-11.553589,0.871871,1.000000
-9.547589,7.879923,1.000000
2.692857,11.221486,1.000000
11.879142,2.494438,1.000000
8.420673,3.131546,1.000000
3.427736,10.923290,1.000000
8.494713,2.417470,1.000000
5.174074,6.453561,1.000000
10.439857,3.138661,1.000000
1.865395,9.817439,1.000000
-1.090507,7.268612,1.000000
-9.445015,0.555301,1.000000
2.565060,10.255115,1.000000
-8.033263,1.337009,1.000000
-2.982399,10.074693,1.000000
-9.555477,4.128388,1.000000
5.475801,6.977812,1.000000
-11.032813,4.083411,1.000000
5.872583,9.699237,1.000000
-10.267200,5.815010,1.000000
4.504899,6.101670,1.000000
6.264538,7.380205,1.000000
3.085018,7.495555,1.000000
2.630412,9.673864,1.000000
8.901302,1.044089,1.000000
-8.985200,8.982065,1.000000
-1.956913,12.518269,1.000000
-7.070235,4.483543,1.000000
-7.236781,8.714437,1.000000
1.625108,9.432369,1.000000
-10.821250,6.582294,1.000000
7.291641,0.416865,1.000000
4.249382,11.237185,1.000000
5.845551,5.640514,1.000000
2.899226,10.355048,1.000000
3.598661,8.336827,1.000000
8.237440,7.890183,1.000000
-5.404950,11.363490,1.000000
-4.096399,8.780803,1.000000
8.787127,7.732771,1.000000
-8.347375,5.724244,1.000000
6.910671,4.076397,1.000000
-4.913216,8.148318,1.000000
-6.684766,10.016085,1.000000
-11.393448,4.243266,1.000000
12.070024,1.763815,1.000000
-6.238452,9.690367,1.000000
-5.900989,11.254359,1.000000
-1.530871,9.202411,1.000000
-10.158458,1.280588,1.000000
5.565789,4.310774,1.000000
1.039378,9.552480,1.000000
-4.596714,6.074431,1.000000
-5.461773,6.320982,1.000000
-6.089463,10.660254,1.000000
12.391101,3.370147,1.000000
3.981506,8.929284,1.000000
2.368325,8.071812,1.000000
4.208707,5.765862,1.000000
4.162341,7.566453,1.000000
-6.087118,6.700949,1.000000
-9.675285,7.802213,1.000000
-9.345114,0.354484,1.000000
8.853198,0.417190,1.000000
2.703138,10.164011,1.000000
7.124540,6.709402,1.000000
-11.411165,1.161721,1.000000
-2.807514,9.831837,1.000000
-4.962695,8.282055,1.000000
-10.715616,4.648279,1.000000
-10.903056,2.716498,1.000000
2.500191,9.193336,1.000000
-9.758161,7.770179,1.000000
10.860196,2.917631,1.000000
-10.854278,0.998044,1.000000
0.890658,9.311709,1.000000
7.328453,0.929376,1.000000
10.844364,1.427809,1.000000
-5.265793,6.572917,1.000000
8.685319,6.694326,1.000000
-0.484980,9.537702,1.000000
3.994104,7.560657,1.000000
-7.943816,6.377254,1.000000
-1.798943,12.195882,1.000000
5.585335,5.630704,1.000000
9.563062,5.635863,1.000000
-1.983854,10.506844,1.000000
-8.118054,7.398768,1.000000
1.244758,8.098143,1.000000
2.246091,7.804814,1.000000
-7.267629,2.992950,1.000000
5.739794,4.414332,1.000000
-3.610821,6.638053,1.000000
-2.278382,10.768835,1.000000
-2.108789,11.317224,1.000000
12.330393,3.300235,1.000000
4.725052,8.044367,1.000000
-9.717300,5.930679,1.000000
-8.841022,5.958187,1.000000
5.524163,9.313293,1.000000
-11.478756,2.627756,1.000000
-2.873068,9.589813,1.000000
-9.967956,4.849794,1.000000
1.273719,7.611785,1.000000
-7.469051,5.957725,1.000000
-3.619524,6.867911,1.000000
11.167943,4.229250,1.000000
6.891362,3.814356,1.000000
11.516922,3.079884,1.000000
4.164571,11.756588,1.000000
-6.914821,4.622885,1.000000
-9.747783,2.652461,1.000000
6.546695,4.072505,1.000000
-11.830844,1.143317,1.000000
-3.936635,9.642701,1.000000
1.458122,7.299853,1.000000
-10.571270,5.035643,1.000000
-0.971607,8.387517,1.000000
5.801265,4.543357,1.000000
5.485573,5.831591,1.000000
-6.895839,3.134696,1.000000
7.156641,7.140120,1.000000
-5.723772,7.611372,1.000000
5.716686,8.997626,1.000000
10.273757,4.022768,1.000000
10.241007,4.496422,1.000000
6.253804,7.827860,1.000000
-2.007241,8.777919,1.000000
5.769305,7.874115,1.000000
-7.639831,2.939655,1.000000
-6.224664,10.622436,1.000000
-8.078824,5.360608,1.000000
-6.947927,7.689068,1.000000
7.088844,8.346922,1.000000
-7.758510,5.073248,1.000000
-7.714902,6.648443,1.000000
3.196626,10.037271,1.000000
6.224032,10.825961,1.000000
-9.515704,7.712385,1.000000
-8.965051,0.855514,1.000000
-4.818321,6.764590,1.000000
4.984725,4.982219,1.000000
-2.472916,7.169832,1.000000
-8.584520,8.354099,1.000000
-7.960897,8.369005,1.000000
-6.734810,4.693126,1.000000
0.306886,10.521713,1.000000
4.735138,6.483217,1.000000
9.673025,6.856477,1.000000
1.712349,11.843429,1.000000
4.798936,9.599067,1.000000
-1.166991,9.276899,1.000000
4.641139,5.671093,1.000000
-6.830920,3.102860,1.000000
5.446954,11.178814,1.000000
10.527048,1.231121,1.000000
2.615485,8.159771,1.000000
1.890770,8.083316,1.000000
-5.632987,10.290747,1.000000
11.511943,0.706066,1.000000
6.459262,10.049270,1.000000
-8.245124,1.457995,1.000000
8.433648,4.141861,1.000000
-1.908468,7.471524,1.000000
8.491675,3.428938,1.000000
0.853249,7.621924,1.000000
-7.919957,4.359324,1.000000
-5.213928,7.530306,1.000000
-10.430532,6.996125,1.000000
11.321685,2.170041,1.000000
1.836857,10.207977,1.000000
1.879698,11.628469,1.000000
-10.592117,3.580073,1.000000
10.092482,0.408172,1.000000
-12.368091,2.591743,1.000000
11.498488,0.126793,1.000000
-6.100890,6.953473,1.000000
-4.499296,11.508689,1.000000
-1.168195,9.233633,1.000000
-2.889036,8.634491,1.000000
-3.267322,11.555507,1.000000
-10.316448,7.087585,1.000000
9.028201,7.600854,1.000000
-5.429874,10.760701,1.000000
-7.916557,0.319399,1.000000
-0.436648,8.862709,1.000000
-3.354151,11.658460,1.000000
-9.951939,5.552211,1.000000
6.653775,7.085528,1.000000
-10.108237,6.689607,1.000000
9.970670,1.632471,1.000000
11.252415,0.079240,1.000000
4.281388,10.297449,1.000000
-9.238944,2.624486,1.000000
-8.180252,7.829860,1.000000
-6.649491,6.006104,1.000000
6.675644,6.776649,1.000000
-9.637752,1.047689,1.000000
-9.031796,8.604498,1.000000
3.564972,12.002415,1.000000
8.008551,4.761837,1.000000
-1.331683,9.573731,1.000000
-10.037441,7.743669,1.000000
11.678550,0.359622,1.000000
7.393301,5.189933,1.000000
-5.529610,9.368642,1.000000
4.025371,12.133871,1.000000
-0.858773,9.332959,1.000000
-1.617420,7.551054,1.000000
-5.835590,5.126219,1.000000
-0.563931,9.900527,1.000000
10.174768,1.090624,1.000000
-10.990282,2.799638,1.000000
-3.918136,6.222391,1.000000
2.984089,7.347836,1.000000
7.700286,0.776377,1.000000
6.437266,5.042456,1.000000
-7.186931,5.131308,1.000000
11.368082,2.831770,1.000000
-8.902430,5.859345,1.000000
-9.612039,7.988153,1.000000
-1.028025,11.032327,1.000000
7.798322,7.397825,1.000000
-7.186079,1.909114,1.000000
-4.513431,8.187077,1.000000
5.364305,6.711700,1.000000
7.454030,3.919092,1.000000
12.416676,2.322585,1.000000
-0.956894,8.280969,1.000000
0.403258,7.429724,1.000000
6.742082,3.427758,1.000000
6.363925,4.721724,1.000000
-9.563486,7.610135,1.000000
10.689261,6.590631,1.000000
-4.826656,7.063054,1.000000
3.096368,7.253080,1.000000
0.519606,7.714470,1.000000
5.878774,7.146905,1.000000
-8.965152,1.254260,1.000000
6.047877,3.905659,1.000000
-7.355451,9.279241,1.000000
8.025576,1.555000,1.000000
2.166305,10.787033,1.000000
-7.510590,0.662038,1.000000
7.026285,1.969012,1.000000
-11.192508,2.038154,1.000000
6.449742,10.003446,1.000000
-3.276627,11.010423,1.000000
5.292400,10.215085,1.000000
1.774974,10.029286,1.000000
-10.394247,1.302872,1.000000
-8.933805,1.395823,1.000000
6.986764,8.916417,1.000000
6.727805,9.369210,1.000000
8.244125,0.484936,1.000000
-9.388630,4.464971,1.000000
-3.712107,10.845916,1.000000
-1.098206,7.365233,1.000000
-8.451150,7.659395,1.000000
-4.131924,7.944851,1.000000
4.959473,8.621966,1.000000
1.953698,10.319214,1.000000
-11.165068,6.106030,1.000000
7.530229,2.529008,1.000000
-6.518546,10.047081,1.000000
-0.324252,11.009678,1.000000
7.613665,9.403374,1.000000
5.112424,11.337236,1.000000
-10.002042,7.226630,1.000000
-0.022473,11.889461,1.000000
0.758519,12.809636,1.000000
9.088289,0.875228,1.000000
-2.630009,7.243139,1.000000
-4.925460,9.069146,1.000000
-0.819166,9.273617,1.000000
8.228090,8.309798,1.000000
4.826781,6.742577,1.000000
7.718207,1.021508,1.000000
11.323570,2.579418,1.000000
-2.818073,12.026539,1.000000
7.386159,1.394298,1.000000
9.311939,8.662936,1.000000
-10.291123,5.251713,1.000000
-9.396349,7.772192,1.000000
0.411898,7.921968,1.000000
-7.102504,1.278867,1.000000
-1.725533,7.307274,1.000000
4.107574,6.402718,1.000000
7.392495,7.480433,1.000000
-1.459318,7.777458,1.000000
4.642505,10.082245,1.000000
-3.898937,8.936540,1.000000
-3.036848,12.197481,1.000000
-8.888830,2.533804,1.000000
-3.500827,7.619924,1.000000
-6.821199,5.241797,1.000000
-4.241717,11.811039,1.000000
-12.180076,1.084267,1.000000
4.003547,9.697320,1.000000
-1.491980,7.102782,1.000000
-7.959961,2.033469,1.000000
7.390116,2.467351,1.000000
7.609313,10.400732,1.000000
-6.011647,7.115365,1.000000
5.957670,9.963759,1.000000
9.944492,7.017327,1.000000
4.472983,10.056101,1.000000
7.264486,5.575889,1.000000
4.753233,6.647258,1.000000
6.309154,10.811216,1.000000
0.846108,10.864575,1.000000
-7.263362,9.202599,1.000000
-8.788806,1.036362,1.000000
-4.936910,8.528367,1.000000
7.408108,8.813887,1.000000
9.644933,2.447913,1.000000
7.597317,8.436045,1.000000
-12.182796,2.580965,1.000000
12.059591,2.696967,1.000000
-8.687642,3.465091,1.000000
-11.082926,5.853721,1.000000
-7.742535,0.896302,1.000000
-10.484060,1.034748,1.000000
-7.367092,4.082279,1.000000
6.996597,8.067486,1.000000
-7.641803,1.308801,1.000000
3.993886,8.921468,1.000000
-3.059257,7.307507,1.000000
8.214009,7.316577,1.000000
7.121383,2.543391,1.000000
7.224036,3.400917,1.000000
6.962871,5.054012,1.000000
12.378505,0.347651,1.000000
9.953266,6.997773,1.000000
-8.042892,7.183720,1.000000
8.540383,6.894746,1.000000
-4.225654,9.743689,1.000000
-12.366885,3.885836,1.000000
5.426715,8.844442,1.000000
-6.754492,2.741903,1.000000
-4.563406,6.849631,1.000000
-12.302821,2.463504,1.000000
-3.238656,12.024123,1.000000
-11.470743,2.627442,1.000000
6.761806,9.230946,1.000000
-7.629602,8.076781,1.000000
-8.036864,8.993057,1.000000
-0.945440,10.228534,1.000000
2.121558,12.401953,1.000000
7.237056,0.939525,1.000000
-3.771229,7.702734,1.000000
10.103775,4.108796,1.000000
9.675555,8.304758,1.000000
-0.862772,9.309898,1.000000
12.205985,2.344833,1.000000
-10.087741,4.517464,1.000000
-7.811696,5.992216,1.000000
12.921179,0.268857,1.000000
-7.839009,4.341386,1.000000
-7.631821,2.063207,1.000000
-8.328995,1.479743,1.000000
-6.101652,4.282947,1.000000
11.078723,3.486931,1.000000
2.514484,12.032466,1.000000
7.820709,1.361140,1.000000
-1.259442,7.806426,1.000000
-11.372952,4.208501,1.000000
7.264505,2.588307,1.000000
1.038421,8.305732,1.000000
-0.118389,11.630329,1.000000
-7.528848,2.725327,1.000000
-0.703993,7.164840,1.000000
-0.339399,8.517995,1.000000
-8.727946,1.710192,1.000000
-1.934127,8.756480,1.000000
-6.829758,5.430561,1.000000
-6.360257,6.222852,1.000000
-1.465673,12.787473,1.000000
6.387316,7.306091,1.000000
3.001116,10.571649,1.000000
-6.851510,7.564111,1.000000
10.335228,0.041506,1.000000
-7.763355,8.286902,1.000000
10.535456,2.267225,1.000000
-4.733986,5.344269,1.000000
8.619131,0.719519,1.000000
-0.651914,11.971513,1.000000
5.957694,5.216740,1.000000
-9.468555,5.243059,1.000000
0.874224,10.090621,1.000000
6.388758,9.561755,1.000000
7.963304,4.624955,1.000000
8.796088,1.618473,1.000000
-4.422500,9.677661,1.000000
-1.408098,11.302461,1.000000
-6.499395,6.595469,1.000000
-1.518024,6.866114,1.000000
-12.591648,2.463206,1.000000
4.643275,9.211763,1.000000
7.395772,5.827546,1.000000
0.654971,9.624725,1.000000
-6.534984,4.837553,1.000000
3.050929,11.483571,1.000000
-10.148563,3.616525,1.000000
-7.773822,7.325641,1.000000
-6.421129,6.804137,1.000000
-8.509308,4.693403,1.000000
10.469433,4.138062,1.000000
-6.489721,5.993684,1.000000
-5.416329,6.108432,1.000000
6.012307,3.866866,1.000000
7.466392,8.720965,1.000000
2.408559,6.782469,1.000000
-1.372720,9.369364,1.000000
5.459870,5.974758,1.000000
-8.408538,8.048209,1.000000
-12.108507,1.195804,1.000000
-11.344934,2.360247,1.000000
12.502863,0.169522,1.000000
9.431893,4.082079,1.000000
2.396166,9.920282,1.000000
8.129622,1.942356,1.000000
9.879924,4.165582,1.000000
4.440241,10.976648,1.000000
-3.056669,12.575864,1.000000
2.791899,7.195631,1.000000
-8.414657,0.944297,1.000000
7.648691,8.068030,1.000000
-7.562825,9.518689,1.000000
5.850469,6.394098,1.000000
9.065619,5.396679,1.000000
-2.548558,12.193844,1.000000
-1.748623,7.916729,1.000000
8.674680,1.541849,1.000000
-9.766863,5.127291,1.000000
-8.360087,4.183565,1.000000
-6.873510,4.382918,1.000000
-7.390443,8.226554,1.000000
3.779784,6.544310,1.000000
-8.641771,3.485544,1.000000
2.887983,7.433643,1.000000
4.134254,7.010872,1.000000
-5.590639,7.821897,1.000000
-2.087957,8.175663,1.000000
2.705060,10.994169,1.000000
-10.968418,2.044323,1.000000
7.669768,1.071146,1.000000
5.065895,8.239595,1.000000
4.372443,8.522533,1.000000
-1.389486,10.702932,1.000000
6.985667,1.764053,1.000000
-2.345244,10.944539,1.000000
-12.054321,2.416092,1.000000
6.380369,8.058404,1.000000
-9.134132,2.498985,1.000000
1.301485,9.208415,1.000000
4.402307,8.005591,1.000000
1.513549,11.310207,1.000000
-3.125197,10.776603,1.000000
2.660348,10.826143,1.000000
-3.235302,11.195732,1.000000
7.391972,4.710547,1.000000
-2.719435,10.781288,1.000000
5.710237,5.477994,1.000000
8.484813,8.211269,1.000000
9.891416,6.129885,1.000000
12.108341,0.151367,1.000000
7.914989,9.382497,1.000000
6.660242,8.298891,1.000000
5.954231,7.050425,1.000000
5.733609,6.845898,1.000000
12.088043,4.533221,1.000000
5.680479,9.566804,1.000000
3.763788,9.480696,1.000000
-6.013021,6.664135,1.000000
-8.408016,0.882940,1.000000
4.805987,5.503226,1.000000
6.743139,8.857223,1.000000
-5.408805,5.256573,1.000000
7.936693,4.314194,1.000000
-11.680493,1.547429,1.000000
-1.355592,10.579594,1.000000
1.866150,8.797403,1.000000
-4.326831,7.247342,1.000000
-8.091772,4.902988,1.000000
-0.861360,10.633385,1.000000
4.095951,6.617509,1.000000
-2.676194,8.877581,1.000000
8.862652,5.398461,1.000000
-11.315316,1.043236,1.000000
6.071527,4.507949,1.000000
10.015065,6.948846,1.000000
1.317193,11.070904,1.000000
-6.100263,4.084699,1.000000
-2.323693,9.878054,1.000000
-9.845215,4.335162,1.000000
-1.504348,7.426392,1.000000
-8.117334,7.422914,1.000000
7.568920,2.277884,1.000000
3.324574,10.919931,1.000000
3.240315,7.246894,1.000000
6.100562,10.945204,1.000000
-6.213057,10.639570,1.000000
-12.069971,3.438179,1.000000
-9.622916,0.171674,1.000000
12.169017,4.205658,1.000000
1.310689,10.752713,1.000000
-3.687523,6.351147,1.000000
9.326049,6.853911,1.000000
-0.643232,9.030963,1.000000
10.738716,3.404536,1.000000
-0.648195,9.315559,1.000000
-4.723613,9.906062,1.000000
-7.548134,0.518724,1.000000
-6.443283,6.592299,1.000000
-8.788972,3.648096,1.000000
-4.056056,7.152804,1.000000
-5.310743,6.649064,1.000000
11.278097,4.546294,1.000000
-6.211239,6.551627,1.000000
-1.338816,6.920079,1.000000
-2.764990,10.167150,1.000000
-11.364715,1.799369,1.000000
-9.119006,4.653240,1.000000
-8.597344,7.566238,1.000000
-8.236872,0.505089,1.000000
5.633209,11.160297,1.000000
4.421362,11.393575,1.000000
1.682738,9.396249,1.000000
-3.109096,10.430285,1.000000
4.546083,9.672109,1.000000
-6.026087,9.583283,1.000000
-2.683176,7.559988,1.000000
8.319968,6.058522,1.000000
-11.848002,0.710055,1.000000
-6.555301,6.047441,1.000000
-8.767014,8.005733,1.000000
-7.428248,6.040154,1.000000
3.693426,9.256251,1.000000
10.017908,5.303291,1.000000
6.824049,7.059760,1.000000
-10.325818,1.682810,1.000000
2.840496,11.053409,1.000000
-8.545225,1.274511,1.000000
-9.125374,6.157633,1.000000
12.084797,0.829420,1.000000
6.001783,10.858732,1.000000
2.963717,6.767151,1.000000
-5.563518,9.927075,1.000000
5.331130,6.042092,1.000000
-7.507516,5.322803,1.000000
0.969300,7.200346,1.000000
-3.359515,7.066334,1.000000
-3.122272,8.678264,1.000000
-7.675405,3.826690,1.000000
-1.900577,7.864398,1.000000
-12.523556,1.692930,1.000000
6.650638,10.011077,1.000000
1.757167,8.645304,1.000000
-5.977637,6.010824,1.000000
6.613579,5.294175,1.000000
5.333065,5.707022,1.000000
0.609549,9.636744,1.000000
10.674022,2.795250,1.000000
10.902373,4.493973,1.000000
9.254438,0.767956,1.000000
-3.654023,7.183637,1.000000
-3.352428,9.290335,1.000000
8.560696,4.942686,1.000000
10.178004,1.684382,1.000000
-9.855029,3.449584,1.000000
11.595739,5.808376,1.000000
4.242705,5.574278,1.000000
-7.742974,8.700436,1.000000
-3.892626,9.905776,1.000000
-11.153189,4.198929,1.000000
-6.372290,6.278571,1.000000
-11.613874,2.147381,1.000000
-5.653412,6.743545,1.000000
-10.316940,0.419859,1.000000
6.774005,9.279563,1.000000
0.342823,10.860330,1.000000
-8.525954,1.473328,1.000000
1.702911,9.043603,1.000000
10.565948,6.200522,1.000000
-8.576076,8.820290,1.000000
2.730820,7.649559,1.000000
-6.234542,5.305568,1.000000
2.860579,11.133439,1.000000
-0.530431,11.311940,1.000000
6.224613,4.124902,1.000000
10.268890,7.860763,1.000000
7.336849,0.598611,1.000000
7.501560,5.628408,1.000000
-4.243873,6.314790,1.000000
7.929777,1.027563,1.000000
-3.731812,9.771532,1.000000
-8.575749,5.946263,1.000000
7.675075,4.170059,1.000000
10.507949,2.107904,1.000000
-9.672058,5.932007,1.000000
12.141201,1.977072,1.000000
3.372414,9.534920,1.000000
-8.447061,0.975391,1.000000
-9.068849,0.650542,1.000000
11.581717,3.280478,1.000000
-12.064916,3.065582,1.000000
11.493070,1.416530,1.000000
-3.514404,6.935705,1.000000
9.739862,0.258754,1.000000
-3.519503,7.982711,1.000000
9.824758,2.852033,1.000000
10.723643,0.021949,1.000000
-3.597485,9.679536,1.000000
-5.386484,7.900013,1.000000
-5.362921,5.193057,1.000000
7.729558,1.420420,1.000000
7.134052,4.058430,1.000000
7.718630,1.340242,1.000000
-0.871129,11.337586,1.000000
1.861920,8.191998,1.000000
4.085666,10.628652,1.000000
-6.895368,8.823874,1.000000
6.054917,7.338997,1.000000
-4.014666,7.822185,1.000000
10.955180,2.223741,1.000000
6.807142,4.812037,1.000000
-7.466955,3.229158,1.000000
-7.294650,0.297502,1.000000
-10.788662,5.047153,1.000000
8.976932,5.671130,1.000000
-2.943032,9.010347,1.000000
-10.713271,4.276038,1.000000
-7.740577,1.913711,1.000000
4.548986,9.715334,1.000000
-3.190994,8.362697,1.000000
-2.442454,9.106265,1.000000
2.041301,11.783717,1.000000
-6.346686,10.552813,1.000000
-12.075731,0.347639,1.000000
7.730743,1.883352,1.000000
10.779728,2.462262,1.000000
9.507295,2.403355,1.000000
-8.704637,1.851040,1.000000
3.867672,8.620353,1.000000
3.474302,6.741146,1.000000
4.608636,6.124189,1.000000
1.298096,10.905387,1.000000
1.683751,7.562972,1.000000
-9.139056,6.612041,1.000000
4.366492,7.264511,1.000000
1.030969,11.221630,1.000000
-5.670873,9.461966,1.000000
6.056609,4.188798,1.000000
-11.873700,4.907728,1.000000
-8.643072,5.340546,1.000000
5.917502,8.257079,1.000000
-7.715786,0.502305,1.000000
9.192135,7.062204,1.000000
2.516007,9.297367,1.000000
-9.013642,1.807216,1.000000
-9.618056,1.388772,1.000000
8.003744,7.815183,1.000000
11.641868,3.020823,1.000000
9.537919,4.717214,1.000000
-7.551028,2.204751,1.000000
8.912810,9.012253,1.000000
-9.413751,0.989221,1.000000
8.372449,3.104438,1.000000
-4.485815,8.567468,1.000000
-4.415966,11.988599,1.000000
-1.529475,10.788659,1.000000
10.024884,2.496366,1.000000
-6.285956,5.000974,1.000000
7.497569,6.028437,1.000000
-0.855492,10.960542,1.000000
1.547165,8.273417,1.000000
-11.514103,0.505519,1.000000
5.227150,6.871948,1.000000
8.955174,4.077190,1.000000
11.702491,0.206238,1.000000
-9.017599,0.824159,1.000000
10.016808,7.920615,1.000000
1.825889,8.270041,1.000000
5.966044,9.652840,1.000000
7.908847,6.532415,1.000000
2.893818,6.890268,1.000000
11.130397,4.888749,1.000000
-5.805404,8.668395,1.000000
5.041398,6.366163,1.000000
1.056219,8.425643,1.000000
-2.268549,8.634035,1.000000
8.098584,4.820107,1.000000
-9.222270,2.317604,1.000000
6.407904,4.032500,1.000000
-8.491409,3.559361,1.000000
-3.409556,11.907751,1.000000
8.420221,2.986378,1.000000
-5.442668,8.442489,1.000000
-8.529684,5.207370,1.000000
-7.989665,0.094528,1.000000
0.398349,9.614308,1.000000
-1.590414,9.288874,1.000000
-0.193530,11.054184,1.000000
11.851496,4.488126,1.000000
1.336597,8.398644,1.000000
-7.525264,4.650546,1.000000
2.818084,11.289829,1.000000
8.999615,8.933940,1.000000
11.527408,2.876523,1.000000
-3.103112,8.326122,1.000000
-5.999964,9.617363,1.000000
0.495627,8.041920,1.000000
-10.059808,7.136743,1.000000
-7.901711,3.069147,1.000000
-3.261681,8.141116,1.000000
1.998901,10.634818,1.000000
-2.813327,11.344036,1.000000
-6.585131,6.983356,1.000000
8.574832,2.764928,1.000000
8.282524,3.575765,1.000000
-2.692079,8.988753,1.000000
-4.502058,6.495263,1.000000
-11.089462,3.630317,1.000000
-5.947578,4.775780,1.000000
3.897623,7.754391,1.000000
-3.023651,7.896212,1.000000
-12.597346,1.631669,1.000000
3.165957,10.597956,1.000000
9.959375,2.905506,1.000000
1.485833,10.506374,1.000000
7.783869,6.051218,1.000000
0.442869,11.650114,1.000000
-7.184798,7.942007,1.000000
2.085465,10.823752,1.000000
0.780778,11.887955,1.000000
8.020191,0.792018,1.000000
-0.658360,11.597968,1.000000
-10.150272,5.064653,1.000000
-6.562012,5.604993,1.000000
-6.464799,5.936707,1.000000
-4.411552,7.329768,1.000000
-9.257248,0.904571,1.000000
-0.114259,7.800274,1.000000
-4.649922,11.400252,1.000000
-6.585889,7.417631,1.000000
0.594260,12.751939,1.000000
-6.881372,6.038817,1.000000
-0.687235,9.391115,1.000000
5.933643,6.169314,1.000000
-6.666535,8.599188,1.000000
-6.207327,7.280500,1.000000
-1.993123,10.558955,1.000000
-8.553923,0.751722,1.000000
-11.414043,1.182898,1.000000
5.157213,8.115380,1.000000
-8.081235,2.897719,1.000000
-2.576914,7.614037,1.000000
10.999973,4.140715,1.000000
-3.669641,11.297720,1.000000
-8.625421,7.415116,1.000000
7.756483,5.076906,1.000000
1.276001,7.827459,1.000000
3.846866,12.173350,1.000000
10.935725,0.580835,1.000000
9.794154,5.440744,1.000000
-6.520298,6.810787,1.000000
-8.364168,3.798787,1.000000
-1.417354,10.649394,1.000000
-10.240686,0.415607,1.000000
7.538298,1.817505,1.000000
2.610480,12.123948,1.000000
-8.094949,5.037305,1.000000
-6.464496,3.441045,1.000000
-9.329341,1.778677,1.000000
-3.665383,6.892307,1.000000
3.852478,8.524679,1.000000
2.501926,8.672652,1.000000
8.202971,4.747947,1.000000
7.288558,7.793779,1.000000
-6.139043,3.834283,1.000000
8.295349,3.432976,1.000000
6.250268,8.509753,1.000000
1.336946,9.764822,1.000000
-10.416516,0.757253,1.000000
2.362520,7.670391,1.000000
5.780100,11.189050,1.000000
2.218241,8.007972,1.000000
4.484435,-3.317744,-1.000000
14.323511,-6.295589,-1.000000
11.054023,-3.950656,-1.000000
7.181339,-3.686996,-1.000000
5.713759,-4.813617,-1.000000
0.367853,1.052834,-1.000000
20.420555,2.646056,-1.000000
17.389224,-5.443399,-1.000000
3.184206,-1.998412,-1.000000
14.380446,-3.629196,-1.000000
4.407358,-7.387164,-1.000000
4.270359,-5.273568,-1.000000
6.583790,-5.395296,-1.000000
12.854572,-9.545746,-1.000000
5.663130,-5.658177,-1.000000
-0.614843,0.227393,-1.000000
19.647183,-2.088944,-1.000000
15.845568,-5.823759,-1.000000
4.713800,-3.710048,-1.000000
18.566900,-4.347429,-1.000000
-0.527700,1.359625,-1.000000
9.575478,-9.800917,-1.000000
14.500303,-3.300438,-1.000000
2.888663,0.020058,-1.000000
13.186359,-9.386353,-1.000000
3.029318,-5.541999,-1.000000
21.290160,1.561009,-1.000000
13.853674,-4.354456,-1.000000
17.256017,-1.795995,-1.000000
18.475786,-5.031295,-1.000000
19.608647,-3.243994,-1.000000
3.367556,-6.503360,-1.000000
-1.375608,-2.225090,-1.000000
2.397284,-0.301464,-1.000000
15.515102,-4.311885,-1.000000
-0.523489,-4.503537,-1.000000
-1.206639,-0.708170,-1.000000
4.979324,-6.205078,-1.000000
11.466057,-7.316414,-1.000000
2.695836,-0.450921,-1.000000
3.046322,-3.084496,-1.000000
19.133662,-2.398400,-1.000000
13.148278,-5.263340,-1.000000
16.502627,-7.464029,-1.000000
-1.375136,-0.720556,-1.000000
10.114848,-8.378174,-1.000000
3.659311,-1.952028,-1.000000
6.595387,-6.098144,-1.000000
22.168393,1.742230,-1.000000
10.944731,-4.145527,-1.000000
12.970407,-4.950546,-1.000000
18.905183,2.869952,-1.000000
17.835727,-2.779975,-1.000000
2.682824,-2.176912,-1.000000
16.628391,0.479450,-1.000000
6.812431,-3.805868,-1.000000
21.136824,-3.170924,-1.000000
19.599819,-2.037408,-1.000000
8.941990,-7.682006,-1.000000
16.796986,-0.262036,-1.000000
5.543166,-4.197349,-1.000000
15.669341,-2.990697,-1.000000
-1.335589,-1.500689,-1.000000
22.217434,0.554923,-1.000000
15.118485,-3.298023,-1.000000
15.579683,-7.887044,-1.000000
1.750877,2.261605,-1.000000
15.802470,-1.947340,-1.000000
0.983079,1.724993,-1.000000
1.885758,1.205252,-1.000000
17.063416,-4.902539,-1.000000
7.242604,-5.318868,-1.000000
15.042396,-3.119776,-1.000000
19.448323,0.306647,-1.000000
20.114165,-1.500531,-1.000000
11.775706,-3.931855,-1.000000
2.165056,-1.219206,-1.000000
4.291188,-5.773775,-1.000000
2.696525,-0.436972,-1.000000
2.355929,-5.347733,-1.000000
19.984598,0.764758,-1.000000
16.632688,-2.081540,-1.000000
14.911598,-2.888592,-1.000000
4.524935,-7.268698,-1.000000
20.863117,-3.737340,-1.000000
15.406910,-8.378730,-1.000000
5.070801,-3.548270,-1.000000
1.873864,-5.354395,-1.000000
-0.663988,2.890479,-1.000000
-1.301929,2.303299,-1.000000
18.436466,-6.481565,-1.000000
2.113804,-5.826060,-1.000000
16.915185,-4.421666,-1.000000
10.644903,-8.529315,-1.000000
-0.182876,0.785263,-1.000000
5.283517,-5.813483,-1.000000
5.329990,-3.441244,-1.000000
18.879996,-5.249617,-1.000000
12.489228,-4.668539,-1.000000
13.666731,-4.625449,-1.000000
17.871425,-4.704930,-1.000000
20.997625,-0.387656,-1.000000
16.626412,-2.063219,-1.000000
18.525737,-3.439335,-1.000000
0.537850,0.908799,-1.000000
19.008496,-4.001076,-1.000000
-0.584082,1.683873,-1.000000
1.212494,-0.191704,-1.000000
9.957095,-5.489170,-1.000000
19.536324,-2.546487,-1.000000
22.070220,0.690679,-1.000000
15.987658,-4.997830,-1.000000
19.975685,-1.229528,-1.000000
14.910515,-5.551440,-1.000000
-0.736228,-3.900229,-1.000000
2.161330,2.694693,-1.000000
5.470290,-9.127583,-1.000000
12.115166,-4.335001,-1.000000
7.554838,-4.740177,-1.000000
-0.196220,-2.107614,-1.000000
2.569141,-1.448144,-1.000000
6.878167,-5.939501,-1.000000
11.420619,-6.487937,-1.000000
2.853497,-1.362331,-1.000000
7.668026,-7.491469,-1.000000
3.137847,-0.000487,-1.000000
19.017875,-0.310019,-1.000000
1.054897,-0.224256,-1.000000
21.337719,1.338329,-1.000000
2.928662,-4.146140,-1.000000
19.409229,-4.917873,-1.000000
0.355279,-4.944532,-1.000000
22.490623,2.810033,-1.000000
22.033612,-0.173213,-1.000000
2.055084,0.590386,-1.000000
14.364526,-4.145681,-1.000000
2.893735,-3.274447,-1.000000
1.433696,1.304396,-1.000000
15.994477,-8.185583,-1.000000
10.238962,-5.161263,-1.000000
20.638304,1.053637,-1.000000
3.272418,-0.022481,-1.000000
18.262838,-0.596271,-1.000000
1.850448,-0.214839,-1.000000
19.060778,-3.850064,-1.000000
-1.093959,0.285011,-1.000000
20.752621,1.241380,-1.000000
2.327658,1.795410,-1.000000
8.583043,-4.621219,-1.000000
11.753339,-7.922643,-1.000000
-2.698187,1.826070,-1.000000
18.126846,-2.948178,-1.000000
-1.000022,-3.284466,-1.000000
14.703900,-3.461779,-1.000000
4.678012,-1.804838,-1.000000
5.698120,-5.253274,-1.000000
4.706029,-7.671863,-1.000000
1.077090,0.817882,-1.000000
15.338433,-7.500409,-1.000000
9.712824,-6.838779,-1.000000
17.243004,1.850071,-1.000000
8.982223,-6.737395,-1.000000
19.336777,0.225242,-1.000000
20.366242,-0.697710,-1.000000
16.118979,-3.736890,-1.000000
12.394612,-4.702541,-1.000000
3.709600,-1.350153,-1.000000
18.520603,-4.203853,-1.000000
22.747029,2.699581,-1.000000
21.751654,0.561456,-1.000000
20.349013,-1.474368,-1.000000
-0.988800,-0.690249,-1.000000
0.421715,-0.305283,-1.000000
7.876348,-7.300511,-1.000000
3.518385,-3.383318,-1.000000
16.842285,-1.716759,-1.000000
16.348655,-4.352755,-1.000000
-1.592560,2.457600,-1.000000
9.851434,-6.536132,-1.000000
9.903104,-5.848995,-1.000000
7.265234,-7.854475,-1.000000
2.424533,-5.916359,-1.000000
15.111226,-6.165896,-1.000000
1.341599,-4.957099,-1.000000
5.759551,-6.547640,-1.000000
16.245896,-1.099897,-1.000000
5.749077,-7.620995,-1.000000
6.137254,-6.234150,-1.000000
6.330870,-4.946791,-1.000000
4.222008,-3.466179,-1.000000
11.747852,-9.829002,-1.000000
-1.802607,0.774862,-1.000000
4.408743,-4.822538,-1.000000
12.050911,-8.277219,-1.000000
18.500062,-1.645690,-1.000000
5.597647,-3.428305,-1.000000
1.852130,0.614266,-1.000000
-0.605332,0.599970,-1.000000
13.034348,-9.299426,-1.000000
6.866679,-4.353168,-1.000000
10.208192,-8.723236,-1.000000
1.855720,-3.564196,-1.000000
16.366275,-5.161473,-1.000000
21.410577,-2.877693,-1.000000
8.545991,-4.785951,-1.000000
8.180603,-7.147002,-1.000000
15.624424,-6.297503,-1.000000
-0.562159,1.906107,-1.000000
1.015138,1.118315,-1.000000
19.284456,-4.762837,-1.000000
3.839795,-2.896357,-1.000000
16.111043,-3.223659,-1.000000
19.365946,-3.190020,-1.000000
1.431109,-3.265115,-1.000000
8.543400,-5.670215,-1.000000
0.639868,2.784492,-1.000000
8.342557,-4.277910,-1.000000
16.497376,-7.540292,-1.000000
15.449787,-3.332458,-1.000000
4.400496,-5.306234,-1.000000
4.168635,-6.226321,-1.000000
16.867941,-3.029710,-1.000000
15.189619,-2.447750,-1.000000
5.306456,-7.731727,-1.000000
12.208443,-4.924371,-1.000000
11.512493,-4.155416,-1.000000
9.005946,-7.744580,-1.000000
10.331665,-5.370677,-1.000000
4.228372,-2.054284,-1.000000
15.402289,-4.809579,-1.000000
19.344091,-5.947099,-1.000000
-0.579039,0.379888,-1.000000
8.473266,-6.417507,-1.000000
12.198094,-3.997829,-1.000000
5.961824,-5.261149,-1.000000
6.356268,-7.440539,-1.000000
-2.907469,2.799760,-1.000000
3.020568,-6.019989,-1.000000
10.875629,-7.261173,-1.000000
-1.092329,1.122502,-1.000000
6.314585,-8.873241,-1.000000
4.793195,-4.274825,-1.000000
21.244798,-0.261668,-1.000000
12.631000,-4.526219,-1.000000
15.414945,-2.432992,-1.000000
18.406885,2.551983,-1.000000
10.467968,-5.769304,-1.000000
2.930239,-4.908989,-1.000000
4.836775,-8.707582,-1.000000
8.434432,-6.255377,-1.000000
11.533472,-8.114362,-1.000000
13.223508,-5.200679,-1.000000
18.188872,1.149875,-1.000000
1.738474,-3.281871,-1.000000
14.273969,-3.186780,-1.000000
0.811317,2.536308,-1.000000
13.845945,-3.639181,-1.000000
-0.118403,0.187685,-1.000000
11.901258,-4.907111,-1.000000
12.772716,-5.676712,-1.000000
19.998942,-3.876032,-1.000000
22.217092,-1.322268,-1.000000
8.108424,-8.665486,-1.000000
18.203399,-1.081936,-1.000000
15.068258,-1.979858,-1.000000
2.444290,-0.905428,-1.000000
16.074906,-5.603338,-1.000000
4.115807,-7.599692,-1.000000
13.845072,-3.809656,-1.000000
4.969802,-2.466252,-1.000000
13.432448,-7.469450,-1.000000
-2.334729,2.252998,-1.000000
12.774010,-4.732637,-1.000000
14.001969,-6.555768,-1.000000
6.985860,-4.775696,-1.000000
8.488553,-6.577589,-1.000000
17.833613,-5.419234,-1.000000
8.196952,-7.665674,-1.000000
5.142837,-2.365849,-1.000000
16.208974,-4.087626,-1.000000
8.132763,-6.615264,-1.000000
5.217821,-5.806812,-1.000000
17.650565,-6.621755,-1.000000
18.857153,-4.465173,-1.000000
-0.049462,-5.006886,-1.000000
6.090123,-4.054107,-1.000000
1.641865,1.402632,-1.000000
4.389763,-1.941232,-1.000000
16.398548,-3.571794,-1.000000
5.930493,-3.555274,-1.000000
15.787480,-4.769318,-1.000000
20.630267,-4.440333,-1.000000
0.058625,0.430487,-1.000000
10.570296,-5.242954,-1.000000
4.094411,-6.126337,-1.000000
16.828707,-1.316835,-1.000000
-2.250455,2.502828,-1.000000
9.729191,-9.778216,-1.000000
1.865656,-5.553246,-1.000000
-1.009442,-3.018784,-1.000000
21.892774,0.915119,-1.000000
5.050690,-3.188931,-1.000000
16.810036,-1.807108,-1.000000
0.759413,1.356800,-1.000000
18.338294,-1.041712,-1.000000
17.214046,-4.761564,-1.000000
11.517090,-5.389126,-1.000000
18.605349,-3.706238,-1.000000
21.602158,1.143513,-1.000000
17.425341,2.583848,-1.000000
13.645560,-3.519238,-1.000000
17.101472,2.575712,-1.000000
2.504473,1.624798,-1.000000
7.317668,-3.796149,-1.000000
13.752024,-4.757475,-1.000000
3.657164,-3.120532,-1.000000
7.082044,-6.491124,-1.000000
15.431884,-7.338715,-1.000000
7.600772,-4.115210,-1.000000
20.338173,-2.824232,-1.000000
6.345521,-6.864046,-1.000000
10.559313,-7.796505,-1.000000
4.566320,-4.919479,-1.000000
15.961560,-7.937606,-1.000000
17.745270,-4.051671,-1.000000
-0.366224,-1.551537,-1.000000
5.492813,-7.182581,-1.000000
11.363237,-9.742413,-1.000000
18.577400,-4.381658,-1.000000
2.654227,-3.185284,-1.000000
15.715425,-6.607152,-1.000000
14.224047,-3.908774,-1.000000
12.833905,-9.489411,-1.000000
21.889175,2.428931,-1.000000
19.163900,-2.895578,-1.000000
5.202466,-2.493522,-1.000000
0.532622,1.597637,-1.000000
6.203337,-2.984036,-1.000000
15.801743,-3.745812,-1.000000
10.623794,-4.305659,-1.000000
22.234490,1.272279,-1.000000
7.918929,-7.835258,-1.000000
-0.403015,-2.536380,-1.000000
13.130589,-3.269850,-1.000000
12.014908,-5.040053,-1.000000
10.976643,-8.223197,-1.000000
19.297529,-5.123387,-1.000000
15.136983,-6.777547,-1.000000
9.846016,-5.922335,-1.000000
16.807005,-3.174467,-1.000000
1.679377,0.872472,-1.000000
3.530028,-4.891180,-1.000000
2.666037,-5.871847,-1.000000
5.770632,-5.155892,-1.000000
12.483126,-8.812806,-1.000000
2.285020,0.140966,-1.000000
19.153024,-2.788157,-1.000000
15.888722,-5.329196,-1.000000
19.954128,1.863569,-1.000000
8.825124,-4.581994,-1.000000
16.789466,1.275892,-1.000000
2.973200,0.221760,-1.000000
12.400880,-3.762070,-1.000000
13.017149,-6.325428,-1.000000
11.892957,-3.889872,-1.000000
2.985701,2.694429,-1.000000
22.635157,0.331576,-1.000000
17.888488,2.955143,-1.000000
6.918630,-5.739078,-1.000000
1.300799,-1.161798,-1.000000
9.871432,-8.184173,-1.000000
15.634337,-3.439015,-1.000000
17.168386,-2.544187,-1.000000
1.204252,-5.912266,-1.000000
16.096405,-5.528716,-1.000000
16.943949,-6.467782,-1.000000
22.671473,0.999119,-1.000000
13.971074,-3.244996,-1.000000
10.248478,-4.060074,-1.000000
6.424547,-4.085492,-1.000000
18.750895,2.286101,-1.000000
8.187156,-4.817192,-1.000000
17.257817,-5.095390,-1.000000
15.912203,-2.823529,-1.000000
1.222854,-4.534162,-1.000000
6.030536,-3.534175,-1.000000
22.349568,-0.734766,-1.000000
22.234030,-1.241332,-1.000000
20.377925,-3.802326,-1.000000
15.660245,-4.162747,-1.000000
16.379048,-1.061316,-1.000000
20.387129,1.372276,-1.000000
12.805774,-5.544497,-1.000000
5.981300,-3.501854,-1.000000
10.932458,-5.459860,-1.000000
2.402425,0.371727,-1.000000
19.020306,0.356580,-1.000000
14.092057,-8.564937,-1.000000
13.544728,-3.051110,-1.000000
1.825101,-4.569025,-1.000000
-0.725952,-3.604280,-1.000000
5.431308,-4.972567,-1.000000
13.349039,-6.501356,-1.000000
11.924560,-5.344374,-1.000000
4.082880,-1.274865,-1.000000
20.360514,-0.090130,-1.000000
17.788974,-1.286860,-1.000000
17.457349,-2.129901,-1.000000
3.750217,-2.042500,-1.000000
7.520383,-9.509619,-1.000000
-0.905776,0.617580,-1.000000
3.419377,-7.818454,-1.000000
20.079421,-0.039222,-1.000000
18.758158,-5.134320,-1.000000
5.760788,-6.134445,-1.000000
6.400058,-3.482494,-1.000000
17.139866,-2.694069,-1.000000
20.632853,-1.877291,-1.000000
7.811025,-4.780261,-1.000000
18.502067,-0.478592,-1.000000
4.402295,-1.788140,-1.000000
2.370600,-0.977921,-1.000000
4.028425,-1.672210,-1.000000
7.479191,-6.177121,-1.000000
15.236645,-4.474794,-1.000000
18.437816,0.357268,-1.000000
3.680520,-2.735433,-1.000000
16.425258,-3.014686,-1.000000
21.385366,-1.368206,-1.000000
18.814283,-3.977827,-1.000000
5.446016,-2.916707,-1.000000
6.883349,-7.010109,-1.000000
17.342119,-4.052758,-1.000000
-0.463164,2.904494,-1.000000
2.075235,-7.149952,-1.000000
15.233098,-3.695647,-1.000000
21.295393,-0.466337,-1.000000
1.187524,-6.378388,-1.000000
5.948919,-7.000836,-1.000000
17.771283,-3.497886,-1.000000
10.658752,-7.830389,-1.000000
0.438251,-3.399526,-1.000000
15.893172,-6.720803,-1.000000
11.430955,-8.635377,-1.000000
2.685077,-2.912563,-1.000000
-1.539482,2.775529,-1.000000
16.786326,-7.926839,-1.000000
17.915974,-1.698184,-1.000000
-0.991593,2.558741,-1.000000
10.331989,-7.281699,-1.000000
17.704846,1.436721,-1.000000
7.205961,-5.860681,-1.000000
19.089562,-5.265193,-1.000000
4.143027,-2.500388,-1.000000
18.040541,2.178883,-1.000000
12.686427,-8.281769,-1.000000
8.401985,-8.643529,-1.000000
7.229975,-5.766358,-1.000000
2.449202,1.345486,-1.000000
5.151476,-7.643670,-1.000000
2.801092,0.306255,-1.000000
10.785078,-4.697810,-1.000000
22.036370,-0.435843,-1.000000
17.607648,0.472010,-1.000000
20.714540,0.415069,-1.000000
3.171142,-5.797106,-1.000000
6.806324,-5.724035,-1.000000
6.860807,-5.312877,-1.000000
10.163984,-5.067938,-1.000000
10.385031,-5.747772,-1.000000
21.075135,-0.860195,-1.000000
-1.666317,-0.318016,-1.000000
10.508423,-5.384051,-1.000000
4.216814,-4.280163,-1.000000
9.520537,-8.429267,-1.000000
15.414778,-4.386942,-1.000000
5.086439,-2.327029,-1.000000
4.806471,-5.370047,-1.000000
15.752030,-4.801330,-1.000000
0.758218,1.714839,-1.000000
1.072551,-4.569223,-1.000000
-0.972780,-3.183403,-1.000000
12.808492,-9.390056,-1.000000
15.550943,-1.804145,-1.000000
20.661015,0.648110,-1.000000
13.560695,-7.518462,-1.000000
19.642868,-2.485791,-1.000000
6.274175,-5.671621,-1.000000
16.116863,-1.125651,-1.000000
16.065087,-6.092509,-1.000000
8.160972,-7.662030,-1.000000
4.530994,-3.458497,-1.000000
16.771527,-1.350698,-1.000000
9.816631,-7.807768,-1.000000
19.730385,-3.338915,-1.000000
17.818517,-0.030359,-1.000000
7.882683,-4.112811,-1.000000
1.798687,-6.000317,-1.000000
18.279822,-3.829977,-1.000000
8.511158,-6.789571,-1.000000
9.507148,-4.564622,-1.000000
14.348359,-7.852588,-1.000000
11.179170,-7.211110,-1.000000
8.600579,-5.644099,-1.000000
-1.548970,-2.875656,-1.000000
3.041139,1.253093,-1.000000
11.591800,-5.113634,-1.000000
3.314222,-3.175026,-1.000000
6.049335,-4.519450,-1.000000
2.740098,-1.052177,-1.000000
21.440934,2.819360,-1.000000
5.938147,-6.928786,-1.000000
18.560153,-5.880295,-1.000000
3.435223,-3.397874,-1.000000
11.695096,-6.631864,-1.000000
7.526425,-4.876670,-1.000000
16.793586,-1.108599,-1.000000
0.332639,-4.042313,-1.000000
0.585830,2.174243,-1.000000
6.954625,-9.318926,-1.000000
-2.712525,2.123648,-1.000000
15.615870,-3.285416,-1.000000
11.857231,-5.149970,-1.000000
18.392776,-6.911258,-1.000000
16.421888,-1.301282,-1.000000
2.807475,-3.187247,-1.000000
12.320002,-5.144149,-1.000000
9.391984,-5.757919,-1.000000
5.040350,-4.540203,-1.000000
9.651193,-4.630845,-1.000000
19.404405,-2.809849,-1.000000
13.613346,-4.272183,-1.000000
3.964206,-7.339041,-1.000000
2.082890,-2.491020,-1.000000
20.793601,-1.846573,-1.000000
13.110034,-8.637852,-1.000000
17.309336,2.741557,-1.000000
19.080086,-0.424688,-1.000000
5.219300,-3.500998,-1.000000
14.836422,-8.473695,-1.000000
4.517927,-2.470388,-1.000000
7.483368,-9.049025,-1.000000
-0.521777,-0.050207,-1.000000
2.090181,-2.995179,-1.000000
10.907744,-6.137511,-1.000000
0.215316,-1.968707,-1.000000
3.354517,0.258483,-1.000000
1.380689,-3.033032,-1.000000
-2.245235,-0.574535,-1.000000
17.709246,1.178918,-1.000000
9.703383,-5.179034,-1.000000
6.338407,-9.313375,-1.000000
-0.123354,-1.778286,-1.000000
4.270910,-2.698950,-1.000000
5.388761,-7.336410,-1.000000
21.888708,-1.057882,-1.000000
4.741369,-5.447611,-1.000000
16.447644,-1.195887,-1.000000
7.291416,-5.271111,-1.000000
6.104576,-4.274285,-1.000000
20.652816,0.526335,-1.000000
2.181478,-1.592959,-1.000000
17.915879,1.042337,-1.000000
18.801505,-2.905758,-1.000000
14.094807,-3.067701,-1.000000
5.510052,-5.639282,-1.000000
21.732273,1.264644,-1.000000
18.281641,-6.992117,-1.000000
16.910781,0.329443,-1.000000
3.255429,-1.992630,-1.000000
9.984792,-6.268571,-1.000000
10.857981,-9.019956,-1.000000
3.289140,-3.851538,-1.000000
20.471347,2.955102,-1.000000
2.775907,-6.893512,-1.000000
16.160057,-1.138305,-1.000000
21.059953,-2.333376,-1.000000
5.912969,-6.383590,-1.000000
2.825751,-1.796932,-1.000000
11.865289,-6.712421,-1.000000
7.727552,-9.469223,-1.000000
16.575971,-3.127623,-1.000000
21.890175,1.580436,-1.000000
4.023061,-0.660548,-1.000000
16.351718,-1.620248,-1.000000
12.481104,-6.543524,-1.000000
4.496307,-6.774532,-1.000000
21.769686,0.353884,-1.000000
4.472651,-1.757149,-1.000000
12.278794,-8.972988,-1.000000
10.708505,-5.087738,-1.000000
0.125794,-0.244710,-1.000000
2.895768,1.818024,-1.000000
8.836614,-5.398539,-1.000000
13.723015,-7.956011,-1.000000
18.412087,1.302798,-1.000000
17.265614,-1.075006,-1.000000
7.294430,-5.715141,-1.000000
4.850804,-4.291593,-1.000000
14.872083,-7.864240,-1.000000
3.904299,-2.152726,-1.000000
3.150575,-2.482964,-1.000000
12.169222,-4.281815,-1.000000
9.394435,-5.055766,-1.000000
17.478653,-5.510136,-1.000000
2.203456,-2.401985,-1.000000
9.433634,-8.598480,-1.000000
1.454454,-4.704491,-1.000000
-0.391425,0.176637,-1.000000
13.898781,-6.882258,-1.000000
15.771646,-4.814450,-1.000000
11.601371,-5.656007,-1.000000
13.865077,-3.526164,-1.000000
7.730586,-8.401240,-1.000000
6.310345,-3.765840,-1.000000
15.325894,-6.602078,-1.000000
0.657223,-2.841195,-1.000000
3.377977,-0.236403,-1.000000
4.405772,-1.733643,-1.000000
5.396652,-8.487116,-1.000000
2.883785,-3.724852,-1.000000
4.034187,-6.760816,-1.000000
4.618209,-4.064124,-1.000000
11.965285,-5.921954,-1.000000
7.248187,-8.649709,-1.000000
5.150817,-4.341656,-1.000000
8.261633,-5.226455,-1.000000
16.857811,-4.541587,-1.000000
9.614973,-8.310802,-1.000000
8.893899,-5.273872,-1.000000
20.974226,-3.718816,-1.000000
16.978506,-3.836340,-1.000000
8.937320,-7.735405,-1.000000
18.385868,-0.741146,-1.000000
22.021046,-0.454054,-1.000000
0.327137,0.644099,-1.000000
7.785652,-8.215857,-1.000000
2.097793,-5.062324,-1.000000
17.135215,-1.979465,-1.000000
2.759070,-3.358712,-1.000000
4.109139,-5.333735,-1.000000
3.722011,-2.489195,-1.000000
18.658255,0.025900,-1.000000
6.974537,-5.257878,-1.000000
18.509802,-6.307071,-1.000000
15.979135,-2.540175,-1.000000
17.697837,-3.118967,-1.000000
17.505070,-2.675992,-1.000000
1.597129,-4.417321,-1.000000
19.037305,-5.585283,-1.000000
13.447061,-6.099894,-1.000000
4.563736,-4.156202,-1.000000
2.710113,-2.030984,-1.000000
19.115507,-1.997835,-1.000000
16.876929,-4.928665,-1.000000
5.244215,-6.961742,-1.000000
1.420143,0.899715,-1.000000
19.374912,-4.890813,-1.000000
-2.750092,2.881505,-1.000000
-0.616365,2.109857,-1.000000
8.248563,-3.847117,-1.000000
7.957703,-7.592697,-1.000000
2.366047,-0.006089,-1.000000
9.569491,-6.116177,-1.000000
4.171705,-3.002413,-1.000000
5.272911,-2.359180,-1.000000
20.049466,-0.264894,-1.000000
-0.740816,-3.274776,-1.000000
22.321201,-0.625773,-1.000000
1.596322,0.661965,-1.000000
18.315077,0.369651,-1.000000
19.728302,0.002814,-1.000000
4.015546,-2.819249,-1.000000
1.704422,-1.191635,-1.000000
19.379141,-3.746505,-1.000000
10.222524,-7.511502,-1.000000
17.601981,2.938782,-1.000000
11.296829,-9.214871,-1.000000
-1.438146,-0.578552,-1.000000
2.671105,-2.947518,-1.000000
-0.566927,-1.229292,-1.000000
4.506271,-2.770096,-1.000000
-0.051277,1.329240,-1.000000
15.786174,-7.960638,-1.000000
6.148921,-4.648774,-1.000000
15.997201,-4.088132,-1.000000
14.573165,-8.464865,-1.000000
14.228612,-6.060568,-1.000000
-2.731445,2.476144,-1.000000
21.732804,-2.133951,-1.000000
7.482699,-4.150746,-1.000000
-0.707167,1.187121,-1.000000
14.501931,-6.126661,-1.000000
1.100532,-3.976957,-1.000000
6.767078,-9.358496,-1.000000
16.993178,1.425824,-1.000000
20.856761,1.471628,-1.000000
0.254682,2.312542,-1.000000
13.418071,-3.680354,-1.000000
2.221050,2.079323,-1.000000
13.508314,-6.720068,-1.000000
15.624168,-2.201522,-1.000000
3.165317,-7.433573,-1.000000
8.605829,-6.206344,-1.000000
-1.670414,-0.550456,-1.000000
7.956437,-6.299400,-1.000000
-2.559140,1.859838,-1.000000
14.231328,-5.535076,-1.000000
-0.469206,0.476006,-1.000000
15.895794,-2.686443,-1.000000
-1.836913,2.592318,-1.000000
-1.728691,-0.969208,-1.000000
19.566104,-4.627974,-1.000000
16.133069,-6.065660,-1.000000
3.620846,-4.613979,-1.000000
12.498432,-3.806806,-1.000000
9.712043,-6.630154,-1.000000
16.798651,-5.813298,-1.000000
11.075092,-6.862421,-1.000000
15.831885,-4.370627,-1.000000
10.348967,-9.014196,-1.000000
-1.175486,-1.854828,-1.000000
13.477778,-5.304248,-1.000000
12.179969,-8.835386,-1.000000
14.717782,-6.161159,-1.000000
17.419786,-7.542069,-1.000000
-2.686871,0.664451,-1.000000
4.274262,-5.029698,-1.000000
4.102054,-1.751591,-1.000000
6.277453,-8.490656,-1.000000
18.833263,-2.174599,-1.000000
15.425846,-1.613168,-1.000000
-1.124357,1.256419,-1.000000
14.215969,-8.072842,-1.000000
16.934605,-3.546439,-1.000000
5.340955,-2.847988,-1.000000
20.428093,2.836084,-1.000000
18.950528,1.476545,-1.000000
1.707770,1.038066,-1.000000
4.327233,-3.774107,-1.000000
1.515521,0.460776,-1.000000
10.577906,-7.355161,-1.000000
16.204156,-1.568722,-1.000000
19.479843,1.807774,-1.000000
18.523867,-4.504817,-1.000000
1.222224,-2.414062,-1.000000
6.836928,-8.250489,-1.000000
15.777107,-7.442031,-1.000000
4.733329,-6.979015,-1.000000
5.873174,-3.348769,-1.000000
16.931914,-4.816288,-1.000000
2.096589,1.923978,-1.000000
0.344411,0.657221,-1.000000
14.226238,-4.201839,-1.000000
14.250528,-3.669120,-1.000000
21.762001,-0.001411,-1.000000
8.182949,-5.358512,-1.000000
19.457127,-0.276371,-1.000000
6.228172,-4.358686,-1.000000
-1.875352,-1.311132,-1.000000
10.737118,-8.443433,-1.000000
18.575553,-6.671190,-1.000000
2.580525,-0.547772,-1.000000
10.516685,-7.075955,-1.000000
-0.791029,-2.097530,-1.000000
17.288260,0.055785,-1.000000
4.546449,-3.204741,-1.000000
2.411989,-2.418344,-1.000000
20.294065,-4.222948,-1.000000
4.899814,-3.683260,-1.000000
12.586972,-3.896157,-1.000000
-1.860390,2.900036,-1.000000
21.772607,-1.909170,-1.000000
20.664657,0.719389,-1.000000
0.883405,1.870629,-1.000000
13.738163,-6.742511,-1.000000
15.954953,-5.850425,-1.000000
22.738579,0.843661,-1.000000
16.537720,-2.572440,-1.000000
17.402503,0.919810,-1.000000
17.526610,-1.662235,-1.000000
11.954092,-6.773063,-1.000000
17.324113,-3.440467,-1.000000
12.198638,-8.719693,-1.000000
13.758736,-3.585082,-1.000000
11.439167,-4.127343,-1.000000
1.801197,-3.361317,-1.000000
3.339830,0.810103,-1.000000
20.273086,-0.673229,-1.000000
17.755053,-4.658774,-1.000000
11.368887,-6.614717,-1.000000
17.767726,-1.512807,-1.000000
9.510172,-9.086872,-1.000000
1.248844,2.345666,-1.000000
18.448039,-4.446421,-1.000000
0.732116,-4.175436,-1.000000
2.942828,-6.947822,-1.000000
0.063431,0.166609,-1.000000
3.733087,-4.644222,-1.000000
17.798795,-4.755573,-1.000000
9.414973,-4.400640,-1.000000
4.042889,-0.791640,-1.000000
0.641767,-3.007433,-1.000000
12.655054,-8.834584,-1.000000
6.091340,-2.841429,-1.000000
5.343146,-4.917494,-1.000000
-0.225283,0.843871,-1.000000
-2.765049,2.947638,-1.000000
12.300601,-6.681932,-1.000000
2.696628,-1.353352,-1.000000
12.732104,-4.792360,-1.000000
19.965373,2.978273,-1.000000
18.292333,2.408410,-1.000000
13.663561,-4.477059,-1.000000
12.779975,-7.186420,-1.000000
11.048237,-6.899200,-1.000000
3.312258,-2.737948,-1.000000
10.567936,-6.130935,-1.000000
14.523080,-6.427901,-1.000000
6.243259,-9.144117,-1.000000
9.600241,-9.467305,-1.000000
19.772608,-2.180328,-1.000000
3.984441,-7.084852,-1.000000
5.385014,-8.303978,-1.000000
12.078111,-7.226612,-1.000000
6.178263,-3.718880,-1.000000
21.197885,2.827441,-1.000000
16.452243,-4.073182,-1.000000
9.607909,-8.100928,-1.000000
4.409276,-1.213058,-1.000000
2.733862,2.470843,-1.000000
1.943921,-1.295356,-1.000000
12.547901,-8.442894,-1.000000
6.348198,-3.869019,-1.000000
0.620235,-0.586339,-1.000000
16.887928,-1.947200,-1.000000
12.814588,-7.481844,-1.000000
17.559281,2.768164,-1.000000
3.679694,-5.791404,-1.000000
-2.074169,1.065092,-1.000000
19.808303,-1.977459,-1.000000
2.006687,-0.959023,-1.000000
14.345333,-7.933633,-1.000000
12.824864,-6.517174,-1.000000
19.407979,-1.185460,-1.000000
7.940881,-4.836899,-1.000000
10.183746,-6.882555,-1.000000
20.086743,-2.387766,-1.000000
-0.501790,-1.607098,-1.000000
5.494732,-7.503400,-1.000000
10.966729,-4.078441,-1.000000
20.210058,0.475196,-1.000000
19.347148,-2.385117,-1.000000
16.011143,-6.594799,-1.000000
17.107568,2.092017,-1.000000
20.562579,-0.361872,-1.000000
10.625256,-5.525337,-1.000000
1.056583,-5.072972,-1.000000
20.548207,0.950158,-1.000000
-0.391057,-4.133428,-1.000000
13.154384,-7.189136,-1.000000
6.888047,-3.589092,-1.000000
7.674133,-4.398189,-1.000000
5.279601,-3.556719,-1.000000
7.750027,-7.161943,-1.000000
18.956469,-0.499835,-1.000000
-0.489869,-1.363626,-1.000000
0.651058,-3.764611,-1.000000
2.481316,-1.704079,-1.000000
16.932416,1.546438,-1.000000
3.738790,-2.071678,-1.000000
5.836836,-2.816813,-1.000000
12.130740,-8.694323,-1.000000
21.233615,-2.444459,-1.000000
9.820102,-4.418910,-1.000000
2.789653,-2.040232,-1.000000
13.113782,-7.755764,-1.000000
9.049509,-5.422182,-1.000000
1.780133,-0.373428,-1.000000
-2.712472,2.789348,-1.000000
8.820015,-8.723970,-1.000000
10.657029,-8.595216,-1.000000
11.708713,-3.915465,-1.000000
14.992641,-3.017187,-1.000000
-1.637311,1.197602,-1.000000
9.357916,-5.452214,-1.000000
15.641846,-3.326893,-1.000000
17.036349,-0.206148,-1.000000
18.719644,-3.238718,-1.000000
19.210421,0.074125,-1.000000
14.925410,-6.629134,-1.000000
11.116175,-8.894494,-1.000000
21.372115,0.647016,-1.000000
9.783002,-5.375875,-1.000000
15.444646,-1.500513,-1.000000
1.374613,0.479932,-1.000000
12.966948,-5.017627,-1.000000
-0.617701,-0.471471,-1.000000
3.084258,1.590148,-1.000000
0.646132,2.277982,-1.000000
15.959066,-2.951202,-1.000000
0.033963,0.598761,-1.000000
-1.359012,-2.778831,-1.000000
18.699611,2.980838,-1.000000
5.444987,-7.326701,-1.000000
22.034599,1.865154,-1.000000
13.990812,-6.932342,-1.000000
3.613132,-3.315978,-1.000000
0.650352,0.989692,-1.000000
13.071063,-5.074876,-1.000000
6.163623,-5.244749,-1.000000
2.232254,1.429754,-1.000000
1.650714,-4.180078,-1.000000
19.925477,0.979929,-1.000000
7.157360,-3.459343,-1.000000
11.294694,-7.948212,-1.000000
5.070956,-4.948024,-1.000000
12.267035,-5.789209,-1.000000
0.180505,-4.336905,-1.000000
1.421611,-3.308933,-1.000000
11.128408,-5.710002,-1.000000
5.054751,-1.964653,-1.000000
0.466131,2.501381,-1.000000
15.811543,-4.127604,-1.000000
21.403408,2.977386,-1.000000
-1.306532,-2.539538,-1.000000
11.576635,-7.590062,-1.000000
22.098757,2.480935,-1.000000
20.143324,-2.312125,-1.000000
3.207154,-1.677193,-1.000000
6.715802,-5.462183,-1.000000
1.523568,1.449680,-1.000000
4.652203,-3.843183,-1.000000
0.654675,0.390850,-1.000000
17.002137,-1.210332,-1.000000
1.564381,2.886179,-1.000000
16.203818,-7.193302,-1.000000
-0.817117,-3.011023,-1.000000
3.937027,-4.299816,-1.000000
-0.323236,-2.072340,-1.000000
19.976531,0.011725,-1.000000
4.377255,-8.034550,-1.000000
7.257955,-7.729769,-1.000000
12.814798,-6.364764,-1.000000
16.665985,-2.687017,-1.000000
0.607794,0.017564,-1.000000
0.884556,0.889377,-1.000000
14.408392,-7.146774,-1.000000
16.620577,0.494756,-1.000000
1.995615,-0.071396,-1.000000
18.255841,-0.349097,-1.000000
16.309061,-5.166844,-1.000000
22.089246,-1.757245,-1.000000
22.125918,1.674870,-1.000000
4.117973,-2.348883,-1.000000
1.107408,-1.314957,-1.000000
20.737013,-0.551996,-1.000000
4.317021,-6.858622,-1.000000
2.899766,-0.506550,-1.000000
3.078110,1.408934,-1.000000
14.739534,-5.370449,-1.000000
1.622911,-2.421741,-1.000000
5.100968,-7.984121,-1.000000
2.420010,1.928735,-1.000000
-1.204467,-0.176682,-1.000000
18.930784,-4.389979,-1.000000
1.961730,-2.636960,-1.000000
18.135719,-2.775353,-1.000000
3.881084,-4.293624,-1.000000
20.523950,-0.703357,-1.000000
1.312350,-4.259398,-1.000000
14.639376,-7.041657,-1.000000
10.825706,-4.709253,-1.000000
6.599133,-4.831523,-1.000000
7.143211,-9.606586,-1.000000
5.021430,-3.459434,-1.000000
0.686986,0.173515,-1.000000
17.361916,0.452029,-1.000000
5.071436,-5.408122,-1.000000
-0.344867,0.800589,-1.000000
6.890162,-3.588632,-1.000000
4.004455,-5.784668,-1.000000
12.471389,-4.716320,-1.000000
20.135601,1.584971,-1.000000
8.611217,-5.085552,-1.000000
15.897800,-0.832503,-1.000000
0.336220,0.430618,-1.000000
3.972185,-7.347433,-1.000000
3.713776,-3.520111,-1.000000
1.310958,-5.003658,-1.000000
8.730191,-3.886826,-1.000000
7.000802,-6.507169,-1.000000
7.546964,-5.559958,-1.000000
17.891911,-0.697084,-1.000000
6.755001,-3.569556,-1.000000
13.786203,-4.568701,-1.000000
17.676450,-7.482603,-1.000000
7.505764,-5.492679,-1.000000
4.883211,-5.662593,-1.000000
19.055448,0.823998,-1.000000
